{"points":[[0.6994986265859957,-0.6323095236363127,0.3329960025632817],[-0.6994986265859957,0.6323095236363127,-0.3329960025632817],[-0.8969825103224075,-0.2900234544480427,0.33362969299170037],[0.8969825103224075,0.2900234544480427,-0.33362969299170037],[-2.5551367325301345e-17,-5.154978724974357e-18,1.0],[2.5551367325301345e-17,5.154978724974357e-18,-1.0],[-0.19812834916283015,-0.9216189353437305,-0.33371199450109706],[0.19812834916283015,0.9216189353437305,0.33371199450109706]],"vertices":[[0.7770876672696093,0.25085815550820845,0.577239069357313],[0.17130522948685162,0.7984551017990595,-0.5771689256721214],[-0.17130522948685167,-0.7984551017990594,0.5771689256721214],[-0.7770876672696093,-0.25085815550820845,-0.577239069357313],[0.6055050039983247,-0.5472873594770538,-0.5777890932594894],[-0.6055050039983247,0.5472873594770538,0.5777890932594894]],"edges":[[[0.17130522948685162,0.7984551017990595,-0.5771689256721214],[-0.6055050039983247,0.5472873594770538,0.5777890932594894]],[[0.7770876672696093,0.25085815550820845,0.577239069357313],[-0.6055050039983247,0.5472873594770538,0.5777890932594894]],[[-0.7770876672696093,-0.25085815550820845,-0.577239069357313],[0.6055050039983247,-0.5472873594770538,-0.5777890932594894]],[[-0.17130522948685167,-0.7984551017990594,0.5771689256721214],[-0.7770876672696093,-0.25085815550820845,-0.577239069357313]],[[-0.17130522948685167,-0.7984551017990594,0.5771689256721214],[0.6055050039983247,-0.5472873594770538,-0.5777890932594894]],[[0.7770876672696093,0.25085815550820845,0.577239069357313],[-0.17130522948685167,-0.7984551017990594,0.5771689256721214]],[[0.17130522948685162,0.7984551017990595,-0.5771689256721214],[0.7770876672696093,0.25085815550820845,0.577239069357313]],[[-0.6055050039983247,0.5472873594770538,0.5777890932594894],[-0.7770876672696093,-0.25085815550820845,-0.577239069357313]],[[0.17130522948685162,0.7984551017990595,-0.5771689256721214],[-0.7770876672696093,-0.25085815550820845,-0.577239069357313]],[[0.7770876672696093,0.25085815550820845,0.577239069357313],[0.6055050039983247,-0.5472873594770538,-0.5777890932594894]],[[-0.6055050039983247,0.5472873594770538,0.5777890932594894],[-0.17130522948685167,-0.7984551017990594,0.5771689256721214]],[[0.17130522948685162,0.7984551017990595,-0.5771689256721214],[0.6055050039983247,-0.5472873594770538,-0.5777890932594894]]]}